raw 0x0000 {10 00 02 00424214AA0A900000000100000000000000000000003155}

 {0x10, 0x00, 0x02, 0x00,0x42,0x42,0x14,0xAA,0x0A,0x90,0x00,0x00,0x00,0x01,0x00,0x00,0x0000000000000000003155}

plugin network-creator form 1 0x1266 20 24
plugin network-creator-security open-network
plugin network-creator-security close-network
30 31 32 33 34 35 36 37  38 39 31 32 33 34 35 36

68 01 00 01 00 22 70 01 01 E8 87 10 02 00 00 18 00 42 42 14 AA 0A 90 00 00 00 01 00 00 00 00 00 00 00 00 00 00 00 31 55 FA

68 01 00 01 00 22 70 01 01 07D5 10 02 00 00 18 00 42 42 14 AA 0A 90 00 00 00 01 00 00 00 00 00 00 00 00 00 00 00 31 55 67

//红外
68 01 00 01 00 1F 00 F1 E6 C6 1A AA AA 00 16 D0 00 10 88 88 88 88 88 88 88 88 88 88 88 88 88 88 01 06 D1 55 55 D8

68 01 00 01 00 20 00 F1 E6 C6 1B AA AA 00 17 DC 00 11 01 88 88 88 88 88 88 88 88 88 88 88 88 88 88 01 02 D8 55 55 28